30 4 -20 65 3 9 -20
30 4 -20 65 3 9 -20
10 4 -54 62 3 7 -20
5 4 -54 62 3 7 34
10 -47 -54 91 -1 -80 34
10 -47 -9 91 -1 -80 34
10 -38 -10 89 3 -80 26
10 -38 -10 89 4 -80 -20
10 -38 -60 67 4 -18 -20
10 -38 12 11 3 -34 -20
2 -37 35 11 4 -46 -20
2 -38 20 9 4 -48 -20
2 -37 35 11 4 -46 -20
2 -38 20 10 4 -49 -20
2 -40 36 11 9 -48 -20
2 -40 20 11 9 -48 -20
2 -37 35 11 4 -46 -20
2 -38 20 9 4 -48 -20
2 -37 35 11 4 -46 -20
2 -38 20 10 4 -49 -20
2 -40 36 11 9 -48 -20
2 -40 20 11 9 -48 -20
2 -37 35 11 4 -46 -20
2 -38 20 9 4 -48 -20
2 -37 35 11 4 -46 -20
2 -38 20 10 4 -49 -20
2 -40 36 11 9 -48 -20
2 -40 0 11 9 -48 -20
10 -40 0 11 9 -48 30
10 -40 0 11 9 -48 30
10 0 21 11 10 -31 33
30 4 -20 65 3 9 -20
